39149001008838
39149001092097
39149001008739
39149001090463
39149001091495
39149001008457
39149001009083
39149001008499
39149001008788
39149001008218
39149001008366
39149001008580
39149001008226
39149001008275
39149001009208
39149001092899
39149001092683
39149001092048
39149001008853
39149001008523
39149001008978
39149001009216
39149001090471
39149001092675
39149001009174
39149001008804
39149001092881
39149001091487
39149001091446
39149001008986
39149001008465
39149001091453
39149001091503
39149001092865
39149001008861
39149001009307
39149001090497
39149001092626
39149001009331
39149001008952
39149001008812
39149001008572
39149001092824
39149001090505
39149001092071
39149001008432
39149001008325
39149001008598
39149001008622
39149001092667
39149001008390
39149001008531
39149001092691
39149001009182
39149001008820
39149001092014
39149001091701
39149001008713
39149001092022
39149001008796
39149001091438
39149001008234
39149001092063
39149001092832
39149001092840
39149001092659
39149001092030
39149001092634
39149001008564
39149001092089
39149001008754
39149001092857
39149001091453
39149001092238
39149001008770
39149001092816
39149001008473
39149001008267
39149001092873
39149001009299
39149001008259
39149001009059
39149001008747
39149001091479
39149001091305
39149001008358
39149001090455
39149001008648
39149001008416
39149001092642
39149001009059
39149001008747
39149001090455
